   0.00000,   1.00000
   0.00080,   1.00000
   0.00160,   0.99999
   0.00240,   0.99997
   0.00320,   0.99995
   0.00400,   0.99992
   0.00480,   0.99989
   0.00560,   0.99985
   0.00640,   0.99980
   0.00720,   0.99975
   0.00800,   0.99969
   0.00880,   0.99962
   0.00960,   0.99955
   0.01040,   0.99947
   0.01120,   0.99938
   0.01200,   0.99929
   0.01280,   0.99920
   0.01360,   0.99909
   0.01440,   0.99898
   0.01520,   0.99887
   0.01600,   0.99874
   0.01680,   0.99862
   0.01760,   0.99848
   0.01840,   0.99834
   0.01920,   0.99819
   0.02000,   0.99804
   0.02080,   0.99788
   0.02160,   0.99771
   0.02240,   0.99754
   0.02320,   0.99736
   0.02400,   0.99718
   0.02480,   0.99698
   0.02560,   0.99679
   0.02640,   0.99658
   0.02720,   0.99637
   0.02800,   0.99616
   0.02880,   0.99593
   0.02960,   0.99570
   0.03040,   0.99547
   0.03120,   0.99523
   0.03200,   0.99498
   0.03280,   0.99472
   0.03360,   0.99446
   0.03440,   0.99420
   0.03520,   0.99392
   0.03600,   0.99365
   0.03680,   0.99336
   0.03760,   0.99307
   0.03840,   0.99277
   0.03920,   0.99247
   0.04000,   0.99215
   0.04080,   0.99184
   0.04160,   0.99151
   0.04240,   0.99118
   0.04320,   0.99085
   0.04400,   0.99051
   0.04480,   0.99016
   0.04560,   0.98980
   0.04640,   0.98944
   0.04720,   0.98908
   0.04800,   0.98870
   0.04880,   0.98832
   0.04960,   0.98794
   0.05040,   0.98754
   0.05120,   0.98715
   0.05200,   0.98674
   0.05280,   0.98633
   0.05360,   0.98591
   0.05440,   0.98549
   0.05520,   0.98506
   0.05600,   0.98462
   0.05680,   0.98418
   0.05760,   0.98373
   0.05840,   0.98328
   0.05920,   0.98282
   0.06000,   0.98235
   0.06080,   0.98187
   0.06160,   0.98139
   0.06240,   0.98091
   0.06320,   0.98041
   0.06400,   0.97992
   0.06480,   0.97941
   0.06560,   0.97890
   0.06640,   0.97838
   0.06720,   0.97786
   0.06800,   0.97733
   0.06880,   0.97679
   0.06960,   0.97625
   0.07040,   0.97570
   0.07120,   0.97514
   0.07200,   0.97458
   0.07280,   0.97401
   0.07360,   0.97344
   0.07440,   0.97286
   0.07520,   0.97227
   0.07600,   0.97168
   0.07680,   0.97108
   0.07760,   0.97047
   0.07840,   0.96986
   0.07920,   0.96924
   0.08000,   0.96862
   0.08080,   0.96799
   0.08160,   0.96735
   0.08240,   0.96671
   0.08320,   0.96606
   0.08400,   0.96540
   0.08480,   0.96474
   0.08560,   0.96407
   0.08640,   0.96340
   0.08720,   0.96272
   0.08800,   0.96203
   0.08880,   0.96133
   0.08960,   0.96064
   0.09040,   0.95993
   0.09120,   0.95922
   0.09200,   0.95850
   0.09280,   0.95777
   0.09360,   0.95704
   0.09440,   0.95630
   0.09520,   0.95556
   0.09600,   0.95481
   0.09680,   0.95405
   0.09760,   0.95329
   0.09840,   0.95252
   0.09920,   0.95175
   0.10000,   0.95097
   0.10080,   0.95018
   0.10160,   0.94938
   0.10240,   0.94858
   0.10320,   0.94778
   0.10400,   0.94697
   0.10480,   0.94615
   0.10560,   0.94532
   0.10640,   0.94449
   0.10720,   0.94365
   0.10800,   0.94281
   0.10880,   0.94196
   0.10960,   0.94110
   0.11040,   0.94024
   0.11120,   0.93937
   0.11200,   0.93849
   0.11280,   0.93761
   0.11360,   0.93672
   0.11440,   0.93583
   0.11520,   0.93493
   0.11600,   0.93402
   0.11680,   0.93311
   0.11760,   0.93219
   0.11840,   0.93126
   0.11920,   0.93033
   0.12000,   0.92939
   0.12080,   0.92845
   0.12160,   0.92750
   0.12240,   0.92654
   0.12320,   0.92558
   0.12400,   0.92461
   0.12480,   0.92363
   0.12560,   0.92265
   0.12640,   0.92166
   0.12720,   0.92066
   0.12800,   0.91966
   0.12880,   0.91866
   0.12960,   0.91764
   0.13040,   0.91662
   0.13120,   0.91560
   0.13200,   0.91456
   0.13280,   0.91353
   0.13360,   0.91248
   0.13440,   0.91143
   0.13520,   0.91037
   0.13600,   0.90931
   0.13680,   0.90824
   0.13760,   0.90716
   0.13840,   0.90608
   0.13920,   0.90499
   0.14000,   0.90389
   0.14080,   0.90279
   0.14160,   0.90169
   0.14240,   0.90057
   0.14320,   0.89945
   0.14400,   0.89832
   0.14480,   0.89719
   0.14560,   0.89605
   0.14640,   0.89491
   0.14720,   0.89375
   0.14800,   0.89260
   0.14880,   0.89143
   0.14960,   0.89026
   0.15040,   0.88909
   0.15120,   0.88790
   0.15200,   0.88671
   0.15280,   0.88552
   0.15360,   0.88432
   0.15440,   0.88311
   0.15520,   0.88189
   0.15600,   0.88067
   0.15680,   0.87945
   0.15760,   0.87821
   0.15840,   0.87697
   0.15920,   0.87573
   0.16000,   0.87447
   0.16080,   0.87322
   0.16160,   0.87195
   0.16240,   0.87068
   0.16320,   0.86940
   0.16400,   0.86812
   0.16480,   0.86683
   0.16560,   0.86553
   0.16640,   0.86423
   0.16720,   0.86292
   0.16800,   0.86161
   0.16880,   0.86029
   0.16960,   0.85896
   0.17040,   0.85763
   0.17120,   0.85629
   0.17200,   0.85494
   0.17280,   0.85359
   0.17360,   0.85223
   0.17440,   0.85086
   0.17520,   0.84949
   0.17600,   0.84811
   0.17680,   0.84673
   0.17760,   0.84534
   0.17840,   0.84394
   0.17920,   0.84254
   0.18000,   0.84113
   0.18080,   0.83972
   0.18160,   0.83829
   0.18240,   0.83687
   0.18320,   0.83543
   0.18400,   0.83399
   0.18480,   0.83255
   0.18560,   0.83109
   0.18640,   0.82963
   0.18720,   0.82817
   0.18800,   0.82670
   0.18880,   0.82522
   0.18960,   0.82373
   0.19040,   0.82224
   0.19120,   0.82075
   0.19200,   0.81924
   0.19280,   0.81773
   0.19360,   0.81622
   0.19440,   0.81470
   0.19520,   0.81317
   0.19600,   0.81163
   0.19680,   0.81009
   0.19760,   0.80854
   0.19840,   0.80699
   0.19920,   0.80543
   0.20000,   0.80387
   0.20080,   0.80229
   0.20160,   0.80072
   0.20240,   0.79913
   0.20320,   0.79754
   0.20400,   0.79594
   0.20480,   0.79434
   0.20560,   0.79273
   0.20640,   0.79111
   0.20720,   0.78949
   0.20800,   0.78786
   0.20880,   0.78623
   0.20960,   0.78459
   0.21040,   0.78294
   0.21120,   0.78128
   0.21200,   0.77962
   0.21280,   0.77796
   0.21360,   0.77628
   0.21440,   0.77461
   0.21520,   0.77292
   0.21600,   0.77123
   0.21680,   0.76953
   0.21760,   0.76783
   0.21840,   0.76612
   0.21920,   0.76440
   0.22000,   0.76268
   0.22080,   0.76095
   0.22160,   0.75921
   0.22240,   0.75747
   0.22320,   0.75572
   0.22400,   0.75397
   0.22480,   0.75221
   0.22560,   0.75044
   0.22640,   0.74867
   0.22720,   0.74689
   0.22800,   0.74510
   0.22880,   0.74331
   0.22960,   0.74151
   0.23040,   0.73971
   0.23120,   0.73790
   0.23200,   0.73608
   0.23280,   0.73426
   0.23360,   0.73243
   0.23440,   0.73059
   0.23520,   0.72875
   0.23600,   0.72690
   0.23680,   0.72505
   0.23760,   0.72319
   0.23840,   0.72132
   0.23920,   0.71945
   0.24000,   0.71757
   0.24080,   0.71568
   0.24160,   0.71379
   0.24240,   0.71189
   0.24320,   0.70999
   0.24400,   0.70807
   0.24480,   0.70616
   0.24560,   0.70423
   0.24640,   0.70230
   0.24720,   0.70037
   0.24800,   0.69842
   0.24880,   0.69648
   0.24960,   0.69452
   0.25040,   0.69256
   0.25120,   0.69059
   0.25200,   0.68862
   0.25280,   0.68664
   0.25360,   0.68465
   0.25440,   0.68266
   0.25520,   0.68066
   0.25600,   0.67865
   0.25680,   0.67664
   0.25760,   0.67462
   0.25840,   0.67260
   0.25920,   0.67057
   0.26000,   0.66853
   0.26080,   0.66649
   0.26160,   0.66444
   0.26240,   0.66239
   0.26320,   0.66032
   0.26400,   0.65826
   0.26480,   0.65618
   0.26560,   0.65410
   0.26640,   0.65201
   0.26720,   0.64992
   0.26800,   0.64782
   0.26880,   0.64572
   0.26960,   0.64360
   0.27040,   0.64149
   0.27120,   0.63936
   0.27200,   0.63723
   0.27280,   0.63509
   0.27360,   0.63295
   0.27440,   0.63080
   0.27520,   0.62864
   0.27600,   0.62648
   0.27680,   0.62431
   0.27760,   0.62214
   0.27840,   0.61996
   0.27920,   0.61777
   0.28000,   0.61558
   0.28080,   0.61338
   0.28160,   0.61117
   0.28240,   0.60896
   0.28320,   0.60674
   0.28400,   0.60452
   0.28480,   0.60228
   0.28560,   0.60005
   0.28640,   0.59780
   0.28720,   0.59555
   0.28800,   0.59330
   0.28880,   0.59103
   0.28960,   0.58877
   0.29040,   0.58649
   0.29120,   0.58421
   0.29200,   0.58192
   0.29280,   0.57963
   0.29360,   0.57733
   0.29440,   0.57502
   0.29520,   0.57271
   0.29600,   0.57039
   0.29680,   0.56806
   0.29760,   0.56573
   0.29840,   0.56339
   0.29920,   0.56105
   0.30000,   0.55870
   0.30080,   0.55634
   0.30160,   0.55398
   0.30240,   0.55161
   0.30320,   0.54923
   0.30400,   0.54685
   0.30480,   0.54446
   0.30560,   0.54207
   0.30640,   0.53967
   0.30720,   0.53726
   0.30800,   0.53485
   0.30880,   0.53243
   0.30960,   0.53000
   0.31040,   0.52757
   0.31120,   0.52513
   0.31200,   0.52269
   0.31280,   0.52024
   0.31360,   0.51778
   0.31440,   0.51532
   0.31520,   0.51285
   0.31600,   0.51037
   0.31680,   0.50789
   0.31760,   0.50540
   0.31840,   0.50291
   0.31920,   0.50040
   0.32000,   0.49790
   0.32080,   0.49538
   0.32160,   0.49286
   0.32240,   0.49034
   0.32320,   0.48780
   0.32400,   0.48527
   0.32480,   0.48272
   0.32560,   0.48017
   0.32640,   0.47761
   0.32720,   0.47505
   0.32800,   0.47248
   0.32880,   0.46990
   0.32960,   0.46732
   0.33040,   0.46473
   0.33120,   0.46213
   0.33200,   0.45953
   0.33280,   0.45693
   0.33360,   0.45431
   0.33440,   0.45169
   0.33520,   0.44906
   0.33600,   0.44643
   0.33680,   0.44379
   0.33760,   0.44115
   0.33840,   0.43850
   0.33920,   0.43584
   0.34000,   0.43317
   0.34080,   0.43050
   0.34160,   0.42783
   0.34240,   0.42514
   0.34320,   0.42245
   0.34400,   0.41976
   0.34480,   0.41706
   0.34560,   0.41435
   0.34640,   0.41163
   0.34720,   0.40891
   0.34800,   0.40618
   0.34880,   0.40345
   0.34960,   0.40071
   0.35040,   0.39797
   0.35120,   0.39521
   0.35200,   0.39246
   0.35280,   0.38969
   0.35360,   0.38692
   0.35440,   0.38414
   0.35520,   0.38136
   0.35600,   0.37857
   0.35680,   0.37577
   0.35760,   0.37297
   0.35840,   0.37016
   0.35920,   0.36735
   0.36000,   0.36453
   0.36080,   0.36170
   0.36160,   0.35886
   0.36240,   0.35602
   0.36320,   0.35318
   0.36400,   0.35033
   0.36480,   0.34747
   0.36560,   0.34460
   0.36640,   0.34173
   0.36720,   0.33885
   0.36800,   0.33597
   0.36880,   0.33308
   0.36960,   0.33018
   0.37040,   0.32728
   0.37120,   0.32437
   0.37200,   0.32145
   0.37280,   0.31853
   0.37360,   0.31561
   0.37440,   0.31267
   0.37520,   0.30973
   0.37600,   0.30678
   0.37680,   0.30383
   0.37760,   0.30087
   0.37840,   0.29791
   0.37920,   0.29493
   0.38000,   0.29196
   0.38080,   0.28897
   0.38160,   0.28598
   0.38240,   0.28298
   0.38320,   0.27998
   0.38400,   0.27697
   0.38480,   0.27396
   0.38560,   0.27093
   0.38640,   0.26791
   0.38720,   0.26487
   0.38800,   0.26183
   0.38880,   0.25878
   0.38960,   0.25573
   0.39040,   0.25267
   0.39120,   0.24960
   0.39200,   0.24653
   0.39280,   0.24345
   0.39360,   0.24037
   0.39440,   0.23728
   0.39520,   0.23418
   0.39600,   0.23108
   0.39680,   0.22797
   0.39760,   0.22485
   0.39840,   0.22173
   0.39920,   0.21860
   0.40000,   0.21546
   0.40080,   0.21232
   0.40160,   0.20918
   0.40240,   0.20602
   0.40320,   0.20286
   0.40400,   0.19969
   0.40480,   0.19652
   0.40560,   0.19334
   0.40640,   0.19016
   0.40720,   0.18697
   0.40800,   0.18377
   0.40880,   0.18056
   0.40960,   0.17735
   0.41040,   0.17414
   0.41120,   0.17091
   0.41200,   0.16769
   0.41280,   0.16445
   0.41360,   0.16121
   0.41440,   0.15796
   0.41520,   0.15471
   0.41600,   0.15145
   0.41680,   0.14818
   0.41760,   0.14491
   0.41840,   0.14163
   0.41920,   0.13834
   0.42000,   0.13505
   0.42080,   0.13175
   0.42160,   0.12845
   0.42240,   0.12514
   0.42320,   0.12182
   0.42400,   0.11850
   0.42480,   0.11517
   0.42560,   0.11183
   0.42640,   0.10849
   0.42720,   0.10514
   0.42800,   0.10178
   0.42880,   0.09840
   0.42960,   0.09497
   0.43040,   0.09157
   0.43120,   0.08821
   0.43200,   0.08490
   0.43280,   0.08166
   0.43360,   0.07851
   0.43440,   0.07546
   0.43520,   0.07253
   0.43600,   0.06974
   0.43680,   0.06709
   0.43760,   0.06461
   0.43840,   0.06230
   0.43920,   0.06018
   0.44000,   0.05826
   0.44080,   0.05654
   0.44160,   0.05504
   0.44240,   0.05376
   0.44320,   0.05272
   0.44400,   0.05190
   0.44480,   0.05133
   0.44560,   0.05101
   0.44640,   0.05092
   0.44720,   0.05108
   0.44800,   0.05149
   0.44880,   0.05214
   0.44960,   0.05302
   0.45040,   0.05414
   0.45120,   0.05549
   0.45200,   0.05706
   0.45280,   0.05884
   0.45360,   0.06083
   0.45440,   0.06301
   0.45520,   0.06538
   0.45600,   0.06791
   0.45680,   0.07061
   0.45760,   0.07345
   0.45840,   0.07641
   0.45920,   0.07950
   0.46000,   0.08268
   0.46080,   0.08594
   0.46160,   0.08927
   0.46240,   0.09265
   0.46320,   0.09606
   0.46400,   0.09948
   0.46480,   0.10290
   0.46560,   0.10630
   0.46640,   0.10965
   0.46720,   0.11296
   0.46800,   0.11619
   0.46880,   0.11933
   0.46960,   0.12237
   0.47040,   0.12529
   0.47120,   0.12807
   0.47200,   0.13070
   0.47280,   0.13316
   0.47360,   0.13545
   0.47440,   0.13756
   0.47520,   0.13946
   0.47600,   0.14116
   0.47680,   0.14264
   0.47760,   0.14390
   0.47840,   0.14492
   0.47920,   0.14571
   0.48000,   0.14626
   0.48080,   0.14656
   0.48160,   0.14662
   0.48240,   0.14644
   0.48320,   0.14601
   0.48400,   0.14534
   0.48480,   0.14443
   0.48560,   0.14329
   0.48640,   0.14192
   0.48720,   0.14033
   0.48800,   0.13852
   0.48880,   0.13652
   0.48960,   0.13432
   0.49040,   0.13194
   0.49120,   0.12938
   0.49200,   0.12668
   0.49280,   0.12383
   0.49360,   0.12085
   0.49440,   0.11775
   0.49520,   0.11456
   0.49600,   0.11129
   0.49680,   0.10796
   0.49760,   0.10458
   0.49840,   0.10117
   0.49920,   0.09775
   0.50000,   0.09433
   0.50080,   0.09093
   0.50160,   0.08758
   0.50240,   0.08428
   0.50320,   0.08106
   0.50400,   0.07792
   0.50480,   0.07490
   0.50560,   0.07199
   0.50640,   0.06923
   0.50720,   0.06661
   0.50800,   0.06416
   0.50880,   0.06189
   0.50960,   0.05980
   0.51040,   0.05791
   0.51120,   0.05624
   0.51200,   0.05478
   0.51280,   0.05355
   0.51360,   0.05254
   0.51440,   0.05178
   0.51520,   0.05125
   0.51600,   0.05097
   0.51680,   0.05093
   0.51760,   0.05114
   0.51840,   0.05159
   0.51920,   0.05229
   0.52000,   0.05322
   0.52080,   0.05438
   0.52160,   0.05577
   0.52240,   0.05738
   0.52320,   0.05921
   0.52400,   0.06123
   0.52480,   0.06345
   0.52560,   0.06585
   0.52640,   0.06841
   0.52720,   0.07114
   0.52800,   0.07400
   0.52880,   0.07699
   0.52960,   0.08009
   0.53040,   0.08329
   0.53120,   0.08657
   0.53200,   0.08991
   0.53280,   0.09329
   0.53360,   0.09670
   0.53440,   0.10013
   0.53520,   0.10354
   0.53600,   0.10694
   0.53680,   0.11029
   0.53760,   0.11358
   0.53840,   0.11679
   0.53920,   0.11992
   0.54000,   0.12293
   0.54080,   0.12582
   0.54160,   0.12858
   0.54240,   0.13118
   0.54320,   0.13361
   0.54400,   0.13587
   0.54480,   0.13794
   0.54560,   0.13980
   0.54640,   0.14146
   0.54720,   0.14290
   0.54800,   0.14411
   0.54880,   0.14509
   0.54960,   0.14583
   0.55040,   0.14633
   0.55120,   0.14659
   0.55200,   0.14661
   0.55280,   0.14637
   0.55360,   0.14590
   0.55440,   0.14518
   0.55520,   0.14423
   0.55600,   0.14305
   0.55680,   0.14163
   0.55760,   0.14000
   0.55840,   0.13816
   0.55920,   0.13611
   0.56000,   0.13388
   0.56080,   0.13146
   0.56160,   0.12888
   0.56240,   0.12615
   0.56320,   0.12327
   0.56400,   0.12027
   0.56480,   0.11716
   0.56560,   0.11395
   0.56640,   0.11067
   0.56720,   0.10732
   0.56800,   0.10393
   0.56880,   0.10052
   0.56960,   0.09710
   0.57040,   0.09368
   0.57120,   0.09029
   0.57200,   0.08695
   0.57280,   0.08366
   0.57360,   0.08045
   0.57440,   0.07734
   0.57520,   0.07434
   0.57600,   0.07146
   0.57680,   0.06872
   0.57760,   0.06613
   0.57840,   0.06371
   0.57920,   0.06147
   0.58000,   0.05943
   0.58080,   0.05758
   0.58160,   0.05594
   0.58240,   0.05453
   0.58320,   0.05334
   0.58400,   0.05238
   0.58480,   0.05166
   0.58560,   0.05118
   0.58640,   0.05095
   0.58720,   0.05095
   0.58800,   0.05121
   0.58880,   0.05171
   0.58960,   0.05244
   0.59040,   0.05342
   0.59120,   0.05463
   0.59200,   0.05606
   0.59280,   0.05771
   0.59360,   0.05957
   0.59440,   0.06164
   0.59520,   0.06389
   0.59600,   0.06632
   0.59680,   0.06892
   0.59760,   0.07167
   0.59840,   0.07456
   0.59920,   0.07757
   0.60000,   0.08069
   0.60080,   0.08391
   0.60160,   0.08720
   0.60240,   0.09055
   0.60320,   0.09394
   0.60400,   0.09735
   0.60480,   0.10078
   0.60560,   0.10419
   0.60640,   0.10758
   0.60720,   0.11092
   0.60800,   0.11419
   0.60880,   0.11739
   0.60960,   0.12050
   0.61040,   0.12349
   0.61120,   0.12636
   0.61200,   0.12908
   0.61280,   0.13165
   0.61360,   0.13405
   0.61440,   0.13628
   0.61520,   0.13831
   0.61600,   0.14013
   0.61680,   0.14175
   0.61760,   0.14314
   0.61840,   0.14431
   0.61920,   0.14525
   0.62000,   0.14594
   0.62080,   0.14640
   0.62160,   0.14661
   0.62240,   0.14658
   0.62320,   0.14630
   0.62400,   0.14578
   0.62480,   0.14502
   0.62560,   0.14402
   0.62640,   0.14279
   0.62720,   0.14134
   0.62800,   0.13967
   0.62880,   0.13779
   0.62960,   0.13570
   0.63040,   0.13343
   0.63120,   0.13099
   0.63200,   0.12837
   0.63280,   0.12561
   0.63360,   0.12271
   0.63440,   0.11968
   0.63520,   0.11655
   0.63600,   0.11333
   0.63680,   0.11004
   0.63760,   0.10668
   0.63840,   0.10329
   0.63920,   0.09987
   0.64000,   0.09645
   0.64080,   0.09303
   0.64160,   0.08965
   0.64240,   0.08632
   0.64320,   0.08305
   0.64400,   0.07986
   0.64480,   0.07676
   0.64560,   0.07378
   0.64640,   0.07093
   0.64720,   0.06821
   0.64800,   0.06566
   0.64880,   0.06327
   0.64960,   0.06107
   0.65040,   0.05906
   0.65120,   0.05725
   0.65200,   0.05566
   0.65280,   0.05428
   0.65360,   0.05314
   0.65440,   0.05222
   0.65520,   0.05155
   0.65600,   0.05112
   0.65680,   0.05093
   0.65760,   0.05098
   0.65840,   0.05128
   0.65920,   0.05183
   0.66000,   0.05261
   0.66080,   0.05363
   0.66160,   0.05488
   0.66240,   0.05636
   0.66320,   0.05805
   0.66400,   0.05995
   0.66480,   0.06205
   0.66560,   0.06434
   0.66640,   0.06680
   0.66720,   0.06943
   0.66800,   0.07221
   0.66880,   0.07512
   0.66960,   0.07816
   0.67040,   0.08130
   0.67120,   0.08453
   0.67200,   0.08783
   0.67280,   0.09119
   0.67360,   0.09459
   0.67440,   0.09800
   0.67520,   0.10143
   0.67600,   0.10484
   0.67680,   0.10821
   0.67760,   0.11154
   0.67840,   0.11481
   0.67920,   0.11799
   0.68000,   0.12108
   0.68080,   0.12405
   0.68160,   0.12689
   0.68240,   0.12958
   0.68320,   0.13212
   0.68400,   0.13449
   0.68480,   0.13668
   0.68560,   0.13867
   0.68640,   0.14046
   0.68720,   0.14203
   0.68800,   0.14338
   0.68880,   0.14451
   0.68960,   0.14540
   0.69040,   0.14605
   0.69120,   0.14646
   0.69200,   0.14663
   0.69280,   0.14655
   0.69360,   0.14622
   0.69440,   0.14566
   0.69520,   0.14485
   0.69600,   0.14381
   0.69680,   0.14254
   0.69760,   0.14104
   0.69840,   0.13933
   0.69920,   0.13741
   0.70000,   0.13529
   0.70080,   0.13298
   0.70160,   0.13050
   0.70240,   0.12786
   0.70320,   0.12507
   0.70400,   0.12214
   0.70480,   0.11910
   0.70560,   0.11595
   0.70640,   0.11271
   0.70720,   0.10940
   0.70800,   0.10604
   0.70880,   0.10264
   0.70960,   0.09922
   0.71040,   0.09580
   0.71120,   0.09239
   0.71200,   0.08902
   0.71280,   0.08569
   0.71360,   0.08243
   0.71440,   0.07926
   0.71520,   0.07619
   0.71600,   0.07323
   0.71680,   0.07040
   0.71760,   0.06772
   0.71840,   0.06519
   0.71920,   0.06284
   0.72000,   0.06067
   0.72080,   0.05870
   0.72160,   0.05693
   0.72240,   0.05538
   0.72320,   0.05405
   0.72400,   0.05295
   0.72480,   0.05208
   0.72560,   0.05145
   0.72640,   0.05106
   0.72720,   0.05092
   0.72800,   0.05102
   0.72880,   0.05137
   0.72960,   0.05196
   0.73040,   0.05279
   0.73120,   0.05385
   0.73200,   0.05515
   0.73280,   0.05666
   0.73360,   0.05840
   0.73440,   0.06033
   0.73520,   0.06247
   0.73600,   0.06479
   0.73680,   0.06729
   0.73760,   0.06995
   0.73840,   0.07275
   0.73920,   0.07569
   0.74000,   0.07874
   0.74080,   0.08190
   0.74160,   0.08515
   0.74240,   0.08846
   0.74320,   0.09183
   0.74400,   0.09523
   0.74480,   0.09865
   0.74560,   0.10208
   0.74640,   0.10548
   0.74720,   0.10885
   0.74800,   0.11217
   0.74880,   0.11542
   0.74960,   0.11858
   0.75040,   0.12165
   0.75120,   0.12460
   0.75200,   0.12741
   0.75280,   0.13008
   0.75360,   0.13259
   0.75440,   0.13492
   0.75520,   0.13707
   0.75600,   0.13902
   0.75680,   0.14077
   0.75760,   0.14230
   0.75840,   0.14361
   0.75920,   0.14469
   0.76000,   0.14554
   0.76080,   0.14615
   0.76160,   0.14651
   0.76240,   0.14663
   0.76320,   0.14650
   0.76400,   0.14613
   0.76480,   0.14552
   0.76560,   0.14467
   0.76640,   0.14358
   0.76720,   0.14227
   0.76800,   0.14073
   0.76880,   0.13898
   0.76960,   0.13702
   0.77040,   0.13486
   0.77120,   0.13253
   0.77200,   0.13001
   0.77280,   0.12734
   0.77360,   0.12452
   0.77440,   0.12157
   0.77520,   0.11851
   0.77600,   0.11534
   0.77680,   0.11209
   0.77760,   0.10877
   0.77840,   0.10540
   0.77920,   0.10199
   0.78000,   0.09857
   0.78080,   0.09515
   0.78160,   0.09175
   0.78240,   0.08838
   0.78320,   0.08507
   0.78400,   0.08182
   0.78480,   0.07867
   0.78560,   0.07561
   0.78640,   0.07268
   0.78720,   0.06988
   0.78800,   0.06723
   0.78880,   0.06473
   0.78960,   0.06242
   0.79040,   0.06028
   0.79120,   0.05835
   0.79200,   0.05662
   0.79280,   0.05511
   0.79360,   0.05382
   0.79440,   0.05276
   0.79520,   0.05194
   0.79600,   0.05136
   0.79680,   0.05102
   0.79760,   0.05092
   0.79840,   0.05107
   0.79920,   0.05146
